1 34816.6667 24100.0000
2 34833.3333 24083.3333
3 34850.0000 24050.0000
4 34850.0000 24083.3333
5 34850.0000 24116.6667
6 34866.6667 24083.3333
7 34933.3333 24800.0000
8 34933.3333 24916.6667
9 34966.6667 24883.3333
10 34966.6667 24933.3333
11 34966.6667 24950.0000
12 34966.6667 25033.3333
13 34966.6667 25133.3333
14 34966.6667 25250.0000
15 34983.3333 24750.0000
16 34983.3333 24850.0000
17 34983.3333 24916.6667
18 34983.3333 24983.3333
19 34983.3333 25000.0000
20 34983.3333 25016.6667
21 34983.3333 25150.0000
22 34983.3333 25166.6667
23 34983.3333 25200.0000
24 34983.3333 25216.6667
25 34983.3333 25266.6667
26 34983.3333 25283.3333
27 34983.3333 25316.6667
28 34983.3333 25333.3333
29 35000.0000 24816.6667
30 35000.0000 24900.0000
31 35000.0000 24933.3333
32 35000.0000 25033.3333
33 35000.0000 25066.6667
34 35000.0000 25133.3333
35 35000.0000 25150.0000
36 35000.0000 25366.6667
37 35000.0000 25383.3333
38 35000.0000 25483.3333
39 35000.0000 25516.6667
40 35000.0000 25533.3333
41 35000.0000 25583.3333
42 35000.0000 25633.3333
43 35016.6667 24783.3333
44 35016.6667 24800.0000
45 35016.6667 24833.3333
46 35016.6667 24866.6667
47 35016.6667 24883.3333
48 35016.6667 24900.0000
49 35016.6667 24916.6667
50 35016.6667 24950.0000
51 35016.6667 24966.6667
52 35016.6667 25000.0000
53 35016.6667 25066.6667
54 35016.6667 25083.3333
55 35016.6667 25116.6667
56 35016.6667 25166.6667
57 35016.6667 25200.0000
58 35016.6667 25416.6667
59 35016.6667 25516.6667
60 35016.6667 25533.3333
61 35016.6667 25550.0000
62 35016.6667 25583.3333
63 35016.6667 25683.3333
64 35016.6667 25750.0000
65 35016.6667 25833.3333
66 35016.6667 26100.0000
67 35016.6667 26116.6667
68 35033.3333 24783.3333
69 35033.3333 24833.3333
70 35033.3333 24933.3333
71 35033.3333 25150.0000
72 35033.3333 25233.3333
73 35033.3333 25250.0000
74 35033.3333 25266.6667
75 35033.3333 25283.3333
76 35033.3333 25383.3333
77 35033.3333 25433.3333
78 35033.3333 25450.0000
79 35033.3333 25483.3333
80 35033.3333 25500.0000
81 35033.3333 25550.0000
82 35033.3333 25566.6667
83 35033.3333 25600.0000
84 35033.3333 25666.6667
85 35033.3333 25750.0000
86 35033.3333 25766.6667
87 35033.3333 25900.0000
88 35033.3333 25950.0000
89 35033.3333 25966.6667
90 35033.3333 25983.3333
91 35033.3333 26150.0000
92 35050.0000 24816.6667
93 35050.0000 24833.3333
94 35050.0000 24866.6667
95 35050.0000 24900.0000
96 35050.0000 24950.0000
97 35050.0000 25050.0000
98 35050.0000 25066.6667
99 35050.0000 25100.0000
100 35050.0000 25116.6667